0
-280560
-1214490
-3031823
-3989297
-242139
11651814
34181156
69066665
115653924
171082459
231792578
293134838
350231813
400499589
443243373
478065979
504766212
522843410
531907187
531907187
522843410
504766212
478065979
443243373
400780149
351446303
296166661
235781875
171324598
104002110
34885509
-34885509
-104002110
-171324598
-235781875
-296166661
-351446303
-400780149
-443243373
-478065979
-504766212
-522843410
-531907187
-531907187
-522843410
-504766212
-478065979
-443243373
-400780149
-351446303
-296166661
-235781875
-171324598
-104002110
-34885509
34885509
104002110
171324598
235781875
296166661
351446303
400780149
443243373
478065979
504766212
522843410
531907187
531907187
522843410
504766212
478065979
443243373
400780149
351446303
296166661
235781875
171324598
104002110
34885509
-34885509
-104002110
-171324598
-235781875
-296166661
-351446303
-400780149
-443243373
-478065979
-504766212
-522843410
-531907187
-531907187
-522843410
-504766212
-478065979
-443243373
-400780149
-351446303
-296166661
-235781875
-171324598
-104002110
-34885509
34885509
104002110
171324598
235781875
296166661
351446303
400780149
443243373
478065979
504766212
522843410
531907187
531907187
522843410
504766212
478065979
443243373
400780149
351446303
296166661
235781875
171324598
104002110
34885509
-34885509
-104002110
-171324598
-235781875
-296166661
-351446303
-400780149
-443243373
-478065979
-504766212
-522843410
-531907187
-531907187
-522843410
-504766212
-478065979
-443243373
-400780149
-351446303
-296166661
-235781875
-171324598
-104002110
-34885509
34885509
104002110
171324598
235781875
296166661
351446303
400780149
443243373
478065979
504766212
522843410
531907187
531907187
522843410
504766212
478065979
443243373
400780149
351446303
296166661
235781875
171324598
104002110
34885509
-34885509
-104002110
-171324598
-235781875
-296166661
-351446303
-400780149
-443243373
-478065979
-504766212
-522843410
-531907187
-531907187
-522843410
-504766212
-478065979
-443243373
-400780149
-351446303
-296166661
-235781875
-171324598
-104002110
-34885509
34885509
104002110
171324598
235781875
296166661
351446303
400780149
443243373
478065979
504766212
522843410
531907187
531907187
522843410
504766212
478065979
443243373
400780149
351446303
296166661
235781875
171324598
104002110
34885509
-34885509
-104002110
-171324598
-235781875
-296166661
-351446303
-400780149
-443243373
-478065979
-504766212
-522843410
-531907187
-531907187
-522843410
-504766212
-478065979
-443243373
-400780149
-351446303
-296166661
-235781875
-171324598
-104002110
-34885509
34885509
104002110
171324598
235781875
296166661
351446303
400780149
443243373
478065979
504766212
522843410
531907187
531907187
522843410
504766212
478065979
443243373
400780149
351446303
296166661
235781875
171324598
104002110
34885509
-34885509
-104002110
-171324598
-235781875
-296166661
-351446303
-400780149
-443243373
-478065979
-504766212
-522843410
-531907187
-531907187
-522843410
-504766212
-478065979
-443243373
-400780149
-351446303
-296166661
-235781875
-171324598
-104002110
-34885509
34885509
104002110
171324598
235781875
296166661
351446303
400780149
443243373
478065979
504766212
522843410
531907187
531907187
522843410
504766212
478065979
443243373
400780149
351446303
296166661
235781875
171324598
104002110
34885509
-34885509
-104002110
-171324598
-235781875
-296166661
-351446303
-400780149
-443243373
-478065979
-504766212
-522843410
-531907187
-531907187
-522843410
-504766212
-478065979
-443243373
-400780149
-351446303
-296166661
-235781875
-171324598
-104002110
-34885509
34885509
104002110
171324598
235781875
296166661
351446303
400780149
443243373
478065979
504766212
522843410
531907187
531907187
522843410
504766212
478065979
443243373
400780149
351446303
296166661
235781875
171324598
104002110
34885509
-34885509
-104002110
-171324598
-235781875
-296166661
-351446303
-400780149
-443243373
-478065979
-504766212
-522843410
-531907187
-531907187
-522843410
-504766212
-478065979
-443243373
-400780149
-351446303
-296166661
-235781875
-171324598
-104002110
-34885509
34885509
104002110
171324598
235781875
296166661
351446303
400780149
443243373
478065979
504766212
522843410
531907187
531907187
522843410
504766212
478065979
443243373
400780149
351446303
296166661
235781875
171324598
104002110
34885509
-34885509
-104002110
-171324598
-235781875
-296166661
-351446303
-400780149
-443243373
-478065979
-504766212
-522843410
-531907187
-531907187
-522843410
-504766212
-478065979
-443243373
-400780149
-351446303
-296166661
-235781875
-171324598
-104002110
-34885509
34885509
104002110
171324598
235781875
296166661
351446303
400780149
443243373
478065979
504766212
522843410
531907187
531907187
522843410
504766212
478065979
443243373
400780149
351446303
296166661
235781875
171324598
104002110
34885509
-34885509
-104002110
-171324598
-235781875
-296166661
-351446303
-400780149
-443243373
-478065979
-504766212
-522843410
-531907187
-531907187
-522843410
-504766212
-478065979
-443243373
-400780149
-351446303
-296166661
-235781875
-171324598
-104002110
-34885509
34885509
104002110
171324598
235781875
296166661
351446303
400780149
443243373
478065979
504766212
522843410
531907187
531907187
522843410
504766212
478065979
443243373
400780149
351446303
296166661
235781875
171324598
104002110
34885509
-34885509
-104002110
-171324598
-235781875
-296166661
-351446303
-400780149
-443243373
-478065979
-504766212
-522843410
-531907187
-531907187
-522843410
-504766212
-478065979
-443243373
-400780149
-351446303
-296166661
-235781875
-171324598
-104002110
-34885509
34885509
104002110
171324598
235781875
296166661
351446303
400780149
443243373
478065979
504766212
522843410
531907187
531907187
522843410
504766212
478065979
443243373
400780149
351446303
296166661
235781875
171324598
104002110
34885509
-34885509
-104002110
-171324598
-235781875
-296166661
-351446303
-400780149
-443243373
-478065979
-504766212
-522843410
-531907187
-531907187
-522843410
-504766212
-478065979
-443243373
-400780149
-351446303
-296166661
-235781875
-171324598
-104002110
-34885509
34885509
104002110
171324598
235781875
296166661
351446303
400780149
443243373
478065979
504766212
522843410
531907187
531907187
522843410
504766212
478065979
443243373
400780149
351446303
296166661
235781875
171324598
104002110
34885509
-34885509
-104002110
-171324598
-235781875
-296166661
-351446303
-400780149
-443243373
-478065979
-504766212
-522843410
-531907187
-531907187
-522843410
-504766212
-478065979
-443243373
-400780149
-351446303
-296166661
-235781875
-171324598
-104002110
-34885509
34885509
104002110
171324598
235781875
296166661
351446303
400780149
443243373
478065979
504766212
522843410
531907187
531907187
522843410
504766212
478065979
443243373
400780149
351446303
296166661
235781875
171324598
104002110
34885509
-34885509
-104002110
-171324598
-235781875
-296166661
-351446303
-400780149
-443243373
-478065979
-504766212
-522843410
-531907187
-531907187
-522843410
-504766212
-478065979
-443243373
-400780149
-351446303
-296166661
-235781875
-171324598
-104002110
-34885509
34885509
104002110
171324598
235781875
296166661
351446303
400780149
443243373
478065979
504766212
522843410
531907187
531907187
522843410
504766212
478065979
443243373
400780149
351446303
296166661
235781875
171324598
104002110
34885509
-34885509
-104002110
-171324598
-235781875
-296166661
-351446303
-400780149
-443243373
-478065979
-504766212
-522843410
-531907187
-531907187
-522843410
-504766212
-478065979
-443243373
-400780149
-351446303
-296166661
-235781875
-171324598
-104002110
-34885509
34885509
104002110
171324598
235781875
296166661
351446303
400780149
443243373
478065979
504766212
522843410
531907187
531907187
522843410
504766212
478065979
443243373
400780149
351446303
296166661
235781875
171324598
104002110
34885509
-34885509
-104002110
-171324598
-235781875
-296166661
-351446303
-400780149
-443243373
-478065979
-504766212
-522843410
-531907187
-531907187
-522843410
-504766212
-478065979
-443243373
-400780149
-351446303
-296166661
-235781875
-171324598
-104002110
-34885509
34885509
104002110
171324598
235781875
296166661
351446303
400780149
443243373
478065979
504766212
522843410
531907187
531907187
522843410
504766212
478065979
443243373
400780149
351446303
296166661
235781875
171324598
104002110
34885509
-34885509
-104002110
-171324598
-235781875
-296166661
-351446303
-400780149
-443243373
-478065979
-504766212
-522843410
-531907187
-531907187
-522843410
-504766212
-478065979
-443243373
-400780149
-351446303
-296166661
-235781875
-171324598
-104002110
-34885509
34885509
104002110
171324598
235781875
296166661
351446303
400780149
443243373
478065979
504766212
522843410
531907187
531907187
522843410
504766212
478065979
443243373
400780149
351446303
296166661
235781875
171324598
104002110
34885509
-34885509
-104002110
-171324598
-235781875
-296166661
-351446303
-400780149
-443243373
-478065979
-504766212
-522843410
-531907187
-531907187
-522843410
-504766212
-478065979
-443243373
-400780149
-351446303
-296166661
-235781875
-171324598
-104002110
-34885509
34885509
104002110
171324598
235781875
296166661
351446303
400780149
443243373
478065979
504766212
522843410
531907187
531907187
522843410
504766212
478065979
443243373
400780149
351446303
296166661
235781875
171324598
104002110
34885509
-34885509
-104002110
-171324598
-235781875
-296166661
-351446303
-400780149
-443243373
-478065979
-504766212
-522843410
-531907187
-531907187
-522843410
-504766212
-478065979
-443243373
-400780149
-351446303
-296166661
-235781875
-171324598
-104002110
-34885509
34885509
104002110
171324598
235781875
296166661
351446303
400780149
443243373
478065979
504766212
522843410
531907187
531907187
522843410
504766212
478065979
443243373
400780149
351446303
296166661
235781875
171324598
104002110
34885509
-34885509
-104002110
-171324598
-235781875
-296166661
-351446303
-400780149
-443243373
-478065979
-504766212
-522843410
-531907187
-531907187
-522843410
-504766212
-478065979
-443243373
-400780149
-351446303
-296166661
-235781875
-171324598
-104002110
-34885509
34885509
104002110
171324598
235781875
296166661
351446303
400780149
443243373
478065979
504766212
522843410
531907187
531907187
522843410
504766212
478065979
443243373
400780149
351446303
296166661
235781875
171324598
104002110
34885509
-34885509
-104002110
-171324598
-235781875
-296166661
-351446303
-400780149
-443243373
